date,price,total_volume,market_cap,coin_name
2020-08-19,2.9366649977840584,82413981.29681122,0.0,polkadot
2020-08-20,2.9366649977840584,82413981.29681122,0.0,polkadot
2020-08-21,2.89879087042457,49511744.88463916,0.0,polkadot
2020-08-22,2.8719231582885576,51233752.827103466,0.0,polkadot
2020-08-23,4.481388823739925,473920951.2911821,4028277492.3881054,polkadot
2020-08-24,3.9660827659100875,335685225.4482104,3630430965.6868463,polkadot
2020-08-25,4.576939499077849,395502571.8989607,4162344881.7015166,polkadot
2020-08-26,5.49394714760662,729611892.217292,4910960800.05402,polkadot
2020-08-27,6.067730199404114,853376793.3117362,5508438431.636099,polkadot
2020-08-28,5.6385306333733185,995432623.197182,5147685413.841153,polkadot
2020-08-29,6.1623228698425585,584978197.1298553,5563188700.133332,polkadot
2020-08-30,6.148507935787226,407313299.8601509,5580674883.763024,polkadot
2020-08-31,5.901759394871453,366896197.48982257,5350103716.769489,polkadot
2020-09-01,6.29879772167723,430398059.7192618,5712939724.608923,polkadot
2020-09-02,6.229619252395945,472601408.55368245,5693335995.934683,polkadot
2020-09-03,6.158884269227721,485766767.0734896,5597505846.232816,polkadot
2020-09-04,5.683421169603046,630783985.0451007,5294708814.664548,polkadot
2020-09-05,5.1340152181772725,676657581.6459368,4675680671.656081,polkadot
2020-09-06,4.13019788733723,595268790.8541288,3750820473.971468,polkadot
2020-09-07,4.78962789693905,511543436.75403696,4394131227.7377405,polkadot
2020-09-08,4.5949309096714614,365705934.9831117,4190737575.784357,polkadot
2020-09-09,4.282524684960109,234920666.902606,3891004373.7933345,polkadot
2020-09-10,4.703108697943335,274399152.6284701,4298181268.775718,polkadot
2020-09-11,4.577765287676936,254092704.72602594,4177237545.060083,polkadot
2020-09-12,4.625864199988795,212155209.23847777,4216287873.46031,polkadot
2020-09-13,5.139290011153086,317307477.3197743,4663414090.094169,polkadot
2020-09-14,5.294815256024742,413410119.80475265,4819470920.9595585,polkadot
2020-09-15,5.339198957352251,368584203.1748962,4874640596.625649,polkadot
2020-09-16,5.113838698353973,301361216.948819,4673343463.456086,polkadot
2020-09-17,5.075261806582743,272070780.6235744,4634502327.79378,polkadot
2020-09-18,5.323352024016255,299530704.44409996,4871310608.622429,polkadot
2020-09-19,5.242095138770248,218845784.12899387,4771593286.01857,polkadot
2020-09-20,4.924359684930011,180793689.67015743,4511663057.978728,polkadot
2020-09-21,4.673545848129287,277405320.53644466,4287331139.3953447,polkadot
2020-09-22,4.089749652347997,376122862.04748017,3770969365.206551,polkadot
2020-09-23,4.168355680932848,207312314.25066918,3807699809.7726593,polkadot
2020-09-24,4.0160363563658406,208272484.1319433,3701917991.0629163,polkadot
2020-09-25,4.389748821648701,212165515.13304597,4024415210.879658,polkadot
2020-09-26,4.41286272780764,176573807.95552978,4036996777.5289283,polkadot
2020-09-27,4.340299971503735,124028159.47280042,3981431937.9363737,polkadot
2020-09-28,4.306460643533152,123873259.31149642,3966805487.8693743,polkadot
2020-09-29,4.420033114111349,192688341.9893024,4015168631.8723865,polkadot
2020-09-30,4.491527362227763,200465046.6652287,4123709369.6045084,polkadot
2020-10-01,4.347197258520258,131549097.16661954,3998481295.7904816,polkadot
2020-10-02,4.338624033430472,185800897.37967393,3982054342.146103,polkadot
2020-10-03,4.122609864205513,205627933.56633562,3786983100.945344,polkadot
2020-10-04,4.066948359187792,104601491.58937459,3739978579.4404645,polkadot
2020-10-05,4.176764230629664,89731299.09326749,3849818336.1017737,polkadot
2020-10-06,4.1602369454029935,132019868.42462733,3833319535.2399874,polkadot
2020-10-07,3.7488354717069563,210625817.43183962,3440251736.5558577,polkadot
2020-10-08,3.852999443688667,216001362.39253852,3541978347.8554893,polkadot
2020-10-09,4.101843106713311,214716289.57457,3769762007.0828257,polkadot
2020-10-10,4.258895921902619,182371173.03073755,3921415690.922872,polkadot
2020-10-11,4.254212996164335,163446062.4110077,3919459351.7433486,polkadot
2020-10-12,4.250188243961778,124735788.70912461,3916199449.3647904,polkadot
2020-10-13,4.316288996695248,188455914.277421,3977129133.2757235,polkadot
2020-10-14,4.248906706000911,155609893.3297254,3915494879.7760305,polkadot
2020-10-15,4.1946440236628275,168709011.56224796,3867261708.4269414,polkadot
2020-10-16,4.094854852342111,143464781.4780979,3777390476.4718733,polkadot
2020-10-17,3.902291340576514,161294195.66031703,3609407515.0339217,polkadot
2020-10-18,3.9644790925219424,69398889.68866682,3658072954.9526196,polkadot
2020-10-19,4.106552351478096,84816935.22137997,3790640346.1402893,polkadot
2020-10-20,3.991640613782067,95007120.32225177,3671134189.284116,polkadot
2020-10-21,3.9071668227555576,148089643.50211453,3604225667.8517904,polkadot
2020-10-22,4.13130490955701,174236165.96079922,3812512446.0483255,polkadot
2020-10-23,4.264652281323652,146291489.18888167,3939180404.081174,polkadot
2020-10-24,4.256187304957874,164831205.4380136,3933812312.373021,polkadot
2020-10-25,4.350430279896141,120332452.89074594,4020658006.777102,polkadot
2020-10-26,4.3340414314672575,108292827.394825,4012939180.8089256,polkadot
2020-10-27,4.687976438792263,274074972.02018064,4329655077.1763115,polkadot
2020-10-28,4.682587970002437,265898434.61678487,4340749573.937261,polkadot
2020-10-29,4.360419431708068,202108505.00692162,4034473421.2102537,polkadot
2020-10-30,4.0535048878831885,200320469.3863818,3764515251.518611,polkadot
2020-10-31,4.090725680953809,159228530.14780968,3791580626.3780184,polkadot
2020-11-01,4.178017676018528,91136861.76934384,3874741303.6816278,polkadot
2020-11-02,4.2018859212030994,81646034.91053519,3895006456.472724,polkadot
2020-11-03,4.02450724653999,140951326.24756223,3739887980.0737333,polkadot
2020-11-04,4.025233393564967,122070013.90305401,3734301175.4767933,polkadot
2020-11-05,4.08136926366573,167238369.00696442,3787360078.116946,polkadot
2020-11-06,4.2330784917447986,147107170.64734727,3937088642.1498547,polkadot
2020-11-07,4.570121705410882,189796195.46608785,4258511485.891999,polkadot
2020-11-08,4.237073500377915,278868817.51144844,3945482202.1835647,polkadot
2020-11-09,4.36318980541015,128160233.80415396,4078246608.5763006,polkadot
2020-11-10,4.339818011981211,140530467.26834425,4036915102.2553153,polkadot
2020-11-11,4.409560532264164,127503833.19442774,4109275213.3344407,polkadot
2020-11-12,4.4487908956058995,150334795.18311763,4142055650.2154307,polkadot
2020-11-13,4.387897880183851,116847228.49038725,4082668445.386233,polkadot
2020-11-14,4.543670476701079,114376307.5174001,4230663243.511702,polkadot
2020-11-15,4.467036595848679,105545036.03024603,4162232116.8495955,polkadot
2020-11-16,4.371535464067909,101700104.16889997,4077484365.323717,polkadot
2020-11-17,4.489781697889019,134948395.12151504,4179039016.9363775,polkadot
2020-11-18,4.830331992396186,262107641.97021005,4503849621.370429,polkadot
2020-11-19,4.685764153907629,231442094.2624644,4363793226.847716,polkadot
2020-11-20,4.754053430688043,254597411.67709658,4437744294.637405,polkadot
2020-11-21,5.2291137797130105,453367042.8198105,4882026485.544076,polkadot
2020-11-22,5.757536694549964,434969224.6240124,5380273377.455998,polkadot
2020-11-23,5.494676717392706,402300034.3749447,5170209964.717677,polkadot
2020-11-24,5.895639961337506,459048675.4013789,5467632721.652316,polkadot
2020-11-25,5.7134397129088965,495215338.30771893,5349446030.631042,polkadot
2020-11-26,5.304069822023128,338334053.3515652,4944330443.97678,polkadot
2020-11-27,4.799368169183063,590290526.5461713,4481218213.2427435,polkadot
2020-11-28,4.789256503946778,348738180.8792862,4472460027.798345,polkadot
2020-11-29,4.889793511050391,165147373.40301624,4574371937.667865,polkadot
2020-11-30,5.185800478185966,180449728.82591808,4847631627.853293,polkadot
2020-12-01,5.354461939485786,281162258.87326753,5021807204.881335,polkadot
2020-12-02,5.103662736678471,283997579.19488394,4783025652.238981,polkadot
2020-12-03,5.4791688023995855,221443721.34281644,5133075936.979941,polkadot
2020-12-04,5.410465394503286,180056113.46700332,5064584908.140408,polkadot
2020-12-05,5.050151461894864,187447411.29744184,4723585460.440241,polkadot
2020-12-06,5.192111883448054,163925878.93170908,4859029118.679096,polkadot
2020-12-07,5.1276943188376345,124802254.50752078,4812002430.024476,polkadot
2020-12-08,5.060144766864494,122459164.11119731,4750708655.5933,polkadot
2020-12-09,4.739434958246353,177229440.09950307,4473125093.332668,polkadot
2020-12-10,4.863467872055046,188894951.16754755,4580216020.823783,polkadot
2020-12-11,4.799326849064115,124920916.15278496,4520011663.465658,polkadot
2020-12-12,4.627222115400451,151211192.49292222,4350296965.757761,polkadot
2020-12-13,4.737725656552705,124398004.61164066,4455620171.257192,polkadot
2020-12-14,4.8891194895528125,149377920.07492235,4593849679.408428,polkadot
2020-12-15,4.898343040590993,127483634.08531529,4612926971.9815445,polkadot
2020-12-16,5.262614123384493,226657411.00945666,4983814223.593981,polkadot
2020-12-17,5.358418752997773,280617074.90846276,5051770600.2730875,polkadot
2020-12-18,5.346437615969691,388878613.38309264,5043374200.259078,polkadot
2020-12-19,5.3643097792530385,238147666.04239407,5047179446.47409,polkadot
2020-12-20,5.338112956518199,221959265.0973418,5043012871.235929,polkadot
2020-12-21,5.182239119670477,235826101.90278256,4884986668.975207,polkadot
2020-12-22,4.892651644964082,328011704.8498074,4642851803.926471,polkadot
2020-12-23,5.153342961453958,332723854.8795314,4875242737.61714,polkadot
2020-12-24,4.738927848976903,322787689.4904395,4489530313.422168,polkadot
2020-12-25,5.135446440741811,298616200.23050565,4859778621.300656,polkadot
2020-12-26,5.211168044078331,215984215.3337366,4939071509.721283,polkadot
2020-12-27,5.211078203647316,389881571.49156916,4920780281.244822,polkadot
2020-12-28,5.170288678373178,599564761.8727797,4917775037.589005,polkadot
2020-12-29,6.609020866254324,1001838592.4843612,6274967873.493339,polkadot
2020-12-30,7.574707918682685,1623438090.7900755,7217589339.709585,polkadot
2020-12-31,7.279015190253465,1162860045.9212942,6890483558.510944,polkadot
2021-01-01,9.361037070164066,1926142318.8993368,8790589451.482008,polkadot
2021-01-02,8.309384385343932,1589686202.433354,7876734640.506003,polkadot
2021-01-03,9.223083455454598,1884370500.0352182,8778072861.213175,polkadot
2021-01-04,10.27944456603755,2026241252.0596154,9839572847.117577,polkadot
2021-01-05,9.259346327220705,1788452339.2778962,8767297086.336569,polkadot
2021-01-06,9.739198196297945,1101026826.544137,9268615029.823357,polkadot
2021-01-07,10.097684412122385,1383529724.4738817,9667925163.928446,polkadot
2021-01-08,9.646132180213604,1357811528.895877,9154780364.803495,polkadot
2021-01-09,9.314730658380785,1132451712.0402448,8872846060.524126,polkadot
2021-01-10,9.778410809521537,753225124.2942744,9332171957.95746,polkadot
2021-01-11,9.32941019974151,837525001.2664026,8899676317.009953,polkadot
2021-01-12,8.288132976060027,1814162155.3060699,7889136044.384198,polkadot
2021-01-13,8.263019571221426,845668469.3126857,7874265559.834409,polkadot
2021-01-14,11.02499584700394,2072789652.8729303,10463214371.418743,polkadot
2021-01-15,14.38916681553055,3706157857.0315957,13710583025.260971,polkadot
2021-01-16,13.197430651795004,4067988418.441339,12518186422.369808,polkadot
2021-01-17,18.284968089036074,7335372449.691468,17454759345.0311,polkadot
2021-01-18,16.941180662094123,4336834538.540487,16170957365.959196,polkadot
2021-01-19,16.417059963410804,2342725151.713157,15611727621.338995,polkadot
2021-01-20,16.500379490310053,2101304751.9949412,15867491203.42768,polkadot
2021-01-21,17.970988693677562,3098835544.8857055,17124488269.973804,polkadot
2021-01-22,16.003304708570408,3129318087.8445983,15578426592.67866,polkadot
2021-01-23,17.15345552433555,2765854645.4363594,16466661831.919771,polkadot
2021-01-24,18.600319045809094,2215949804.9533052,17702992560.13173,polkadot
2021-01-25,17.99637972827149,1518953639.2466738,17273184189.924995,polkadot
2021-01-26,17.255294680478368,1654796100.7896485,16515904649.551546,polkadot
2021-01-27,17.114219195402026,1296758574.747851,16415459288.594057,polkadot
2021-01-28,15.458076344001169,1336945930.4510188,14798283723.454659,polkadot
2021-01-29,16.953589906577026,1520805815.1531267,16254766558.700006,polkadot
2021-01-30,16.813221319825903,1861571320.5965343,16183669590.285444,polkadot
2021-01-31,16.436802315990118,943930650.0265751,15755706707.425257,polkadot
2021-02-01,16.14345479897933,1145966595.3844478,15447495133.606997,polkadot
2021-02-02,16.334468233166803,957499231.0275391,15718566326.160374,polkadot
2021-02-03,17.246208880683334,1360952730.1383374,16703247515.16536,polkadot
2021-02-04,20.81123989919261,2517074593.027832,19971174479.345352,polkadot
2021-02-05,19.687856290916976,2327103649.7824135,19067536675.01821,polkadot
2021-02-06,20.91552499982878,1742093250.4734116,20065986931.370617,polkadot
2021-02-07,20.398566658141082,1354116192.8114617,19582739051.288105,polkadot
2021-02-08,19.686716214362857,1496709054.2225707,18891743103.597805,polkadot
2021-02-09,23.104852396172653,2773507986.714624,22114659632.659473,polkadot
2021-02-10,23.177174086708273,1884256190.4570649,22334799741.81557,polkadot
2021-02-11,23.533187894020454,2131291693.2757363,22734504386.84818,polkadot
2021-02-12,25.11602680817384,2103920735.4379256,24161179429.366028,polkadot
2021-02-13,28.637121005864973,2519169670.429951,27616676384.90755,polkadot
2021-02-14,27.947634813017714,2266210239.4688272,27007038181.38601,polkadot
2021-02-15,27.052949735557565,1595500661.964877,26227319235.22934,polkadot
2021-02-16,27.686623199565354,2472116588.792158,26566488356.9671,polkadot
2021-02-17,30.19801882921414,2701843651.3887186,29114114011.07639,polkadot
2021-02-18,31.93217512022303,2323010298.124222,30712299898.00881,polkadot
2021-02-19,31.16279213534729,1446625690.0175753,30015246212.949078,polkadot
2021-02-20,35.02642927738189,2809304671.1877484,33723084919.03054,polkadot
2021-02-21,39.37357824214819,5237458518.062277,37257080664.757454,polkadot
2021-02-22,39.722197469433084,2910491062.714656,37996210717.6472,polkadot
2021-02-23,37.817806817149155,4422794727.434546,36345028065.35592,polkadot
2021-02-24,34.39389978147767,6044402319.652301,33192737847.942608,polkadot
2021-02-25,33.728701680774485,3216425877.0109863,32697522066.641846,polkadot
2021-02-26,31.18993528588956,2424342543.138615,30403400398.56049,polkadot
2021-02-27,31.374676906050965,3811257872.375225,30323219597.905197,polkadot
2021-02-28,33.804127649421545,3663132564.0751624,32494177264.131943,polkadot
2021-03-01,33.453163322797664,3361298154.3935986,32724468747.04945,polkadot
2021-03-02,35.572923823083045,2394221030.452759,34482548793.082504,polkadot
2021-03-03,36.273412651568634,2652602369.6720257,35162491056.98591,polkadot
2021-03-04,37.07636012738535,1846992438.6695292,36037615291.30907,polkadot
2021-03-05,35.413922185913535,2017937521.415405,34325821408.80083,polkadot
2021-03-06,33.72448813423524,2195167253.9325957,32533163620.605686,polkadot
2021-03-07,33.493545963177105,1056302430.6437292,32513187620.90908,polkadot
2021-03-08,35.244068617208505,1174423275.4810855,34105986455.119774,polkadot
2021-03-09,34.97150748636119,1202842486.8403623,33921422032.115574,polkadot
2021-03-10,38.39566561239021,2208593351.545486,37395351100.78027,polkadot
2021-03-11,37.77983958064008,2247048891.0175467,36853090170.43106,polkadot
2021-03-12,36.87831206918232,1602488721.3347497,35856583093.91823,polkadot
2021-03-13,35.707556770344794,1346759594.8959148,34769140591.6425,polkadot
2021-03-14,37.31727832816065,1507640392.6381807,36630956614.64997,polkadot
2021-03-15,36.72597695065916,1076645082.295149,35929717095.64556,polkadot
2021-03-16,34.35379402477465,1939668585.3105516,33698594020.455296,polkadot
2021-03-17,35.65040902655968,1616622960.744138,34537765726.02906,polkadot
2021-03-18,36.29445282846255,1407907457.9845603,35349519331.46919,polkadot
2021-03-19,35.52301948450725,1130555670.2476017,34684937913.02223,polkadot
2021-03-20,38.21625368340663,1816822876.654633,37374066395.854706,polkadot
2021-03-21,37.504844437877956,1624244017.1843762,36835725243.02955,polkadot
2021-03-22,36.765101684857974,1282812882.4768355,35952735874.87629,polkadot
2021-03-23,35.517977330046804,1238649934.2621312,34774273754.16565,polkadot
2021-03-24,34.28626821871331,1146831543.568595,33531597127.33813,polkadot
2021-03-25,30.570941813601564,1939572978.8947408,30045752287.980137,polkadot
2021-03-26,29.710342331197918,2380374370.5190663,29046963177.401062,polkadot
2021-03-27,33.12929964007773,1302279715.7344959,32342912958.142776,polkadot
2021-03-28,32.623518813998444,1081995006.209691,31949432348.545704,polkadot
2021-03-29,32.170750958622584,872725521.1743374,31468649102.246227,polkadot
2021-03-30,34.326400141737494,837849935.5380555,33490535900.76816,polkadot
2021-03-31,33.925085875005024,972088014.2611275,33200100559.216576,polkadot
2021-04-01,36.88846964991404,2749780924.550207,36315780875.424095,polkadot
2021-04-02,37.62466260171384,2112188584.2797937,36943423386.29301,polkadot
2021-04-03,40.9438709604607,2109672607.7135742,40042895373.819046,polkadot
2021-04-04,41.70150320376947,3953738785.6009393,41035684386.907776,polkadot
2021-04-05,44.23991890458163,2203439508.717633,43038662965.1209,polkadot
2021-04-06,45.608300004049674,2101421530.2666874,44120784681.118515,polkadot
2021-04-07,43.42494300781044,2250595124.9908485,42688387270.04445,polkadot
2021-04-08,39.7504883353942,2407805210.9192314,39229624713.84908,polkadot
2021-04-09,41.40897804173473,1386402238.6371279,40700735346.47808,polkadot
2021-04-10,40.78441349825649,1063984405.5106469,40088795175.58917,polkadot
2021-04-11,41.59194183003013,1301909092.0272765,40822769763.2672,polkadot
2021-04-12,41.37856473210077,1220208465.547585,40683743856.07151,polkadot
2021-04-13,40.5573365714278,1426647376.004758,39897746204.72769,polkadot
2021-04-14,43.222210275480606,2159038658.702956,42419688929.988556,polkadot
2021-04-15,42.49790062069117,2399471936.9260116,41865671360.148796,polkadot
2021-04-16,43.52043820016024,1865431184.08903,42864935181.02473,polkadot
2021-04-17,41.51273907303092,2098476058.2316206,40968120748.56171,polkadot
2021-04-18,42.40896113698797,3622543924.235522,42045360704.400856,polkadot
2021-04-19,37.3734056067233,4664575738.97489,36963739593.6074,polkadot
2021-04-20,34.82115668267041,2183490705.6617746,34547573875.09173,polkadot
2021-04-21,35.414477916826065,2535369660.112585,35052437008.23122,polkadot
2021-04-22,34.01561845397449,2067143570.5438857,33656812078.590767,polkadot
2021-04-23,33.24205546321306,2727362562.7818136,32837988741.585655,polkadot
2021-04-24,32.377708870905025,3692974457.242997,31955227311.01955,polkadot
2021-04-25,29.138478823748244,1790187521.1027157,29164117673.324932,polkadot
2021-04-26,29.77071633647868,1426820530.317965,29386423738.55804,polkadot
2021-04-27,33.46053388171351,2073188240.1405542,32971528339.239906,polkadot
2021-04-28,34.538588734933114,1707353296.040809,34085016694.010246,polkadot
2021-04-29,33.99294723198461,1727083451.9411442,33465362480.344566,polkadot
2021-04-30,35.78168797918116,1671642385.8837767,35125134676.12503,polkadot
2021-05-01,36.55581656201138,2053574634.1266975,36161115650.50087,polkadot
2021-05-02,36.895496256261175,1431056978.6740394,36487497552.831894,polkadot
2021-05-03,36.6285627722494,1303233017.6899304,36175071088.34755,polkadot
2021-05-04,37.31086830197741,1645143224.0203195,36985789925.45359,polkadot
2021-05-05,34.66179715014015,2295521130.5770683,34707954650.18579,polkadot
2021-05-06,40.56852655266073,2902362969.2338347,40073630954.333496,polkadot
2021-05-07,41.51515689478929,3591760181.6557684,41263884488.423386,polkadot
2021-05-08,39.929559186608884,2614452242.387992,39477322692.65792,polkadot
2021-05-09,39.64457142823194,1539872559.5545456,39197018807.0192,polkadot
2021-05-10,40.30508802482359,1960812614.7285278,39960281498.6593,polkadot
2021-05-11,36.69757742138309,2738737908.933777,36380576367.92715,polkadot
2021-05-12,38.629214072066546,1978072269.6659775,38213129449.26634,polkadot
2021-05-13,35.36632136089033,3297743471.4965587,36142903315.04381,polkadot
2021-05-14,40.104540401272516,6028561379.2491,39682065176.0802,polkadot
2021-05-15,47.332353635705644,4389158726.270394,46663358358.632095,polkadot
2021-05-16,43.190023148615246,5670783483.435763,42873126463.91633,polkadot
2021-05-17,42.495607764845325,3512522788.0849147,41909567642.53158,polkadot
2021-05-18,38.46656477354152,3591393624.0346236,38675535803.375725,polkadot
2021-05-19,40.78449482314308,2964614890.0023675,40700856754.28537,polkadot
2021-05-20,25.54743108791691,7440268038.0967455,26212334807.34307,polkadot
2021-05-21,28.967655743659353,4887264993.644384,28603677243.810192,polkadot
2021-05-22,23.886862196760713,4537200355.067695,23855622508.168064,polkadot
2021-05-23,21.986431379821404,3027159412.6211486,21860219890.87334,polkadot
2021-05-24,18.055571726141213,4240565324.877562,17830097290.168854,polkadot
2021-05-25,23.068256289923756,3294658515.605996,22978156612.954174,polkadot
2021-05-26,21.997749037507997,2593578225.083468,21933881526.44776,polkadot
2021-05-27,24.663574518122417,2295932465.490305,24531339737.5942,polkadot
2021-05-28,23.994031084550947,1953660434.2199876,24040296853.950665,polkadot
2021-05-29,21.464260992226066,3163705196.799271,21392351948.632805,polkadot
2021-05-30,19.918216681542294,1639713144.1522937,20036900253.630054,polkadot
2021-05-31,20.42812252465196,1386880188.949725,20344660576.923485,polkadot
2021-06-01,23.328086584213068,1916499739.7321558,23254070863.818947,polkadot
2021-06-02,22.902544778389903,1555014124.7382228,22899347242.905197,polkadot
2021-06-03,26.167284395860875,2139089062.7504544,26126479643.786804,polkadot
2021-06-04,27.234938171421856,2059836125.1783895,27239991190.48918,polkadot
2021-06-05,25.10056065061593,1952268571.332295,25084953695.39406,polkadot
2021-06-06,23.815643608975247,1415753256.4326484,23680247755.592136,polkadot
2021-06-07,24.145890051847427,843204626.1208866,24156716111.00127,polkadot
2021-06-08,21.39739256988473,1280241352.385666,21605113644.382584,polkadot
2021-06-09,21.865193511951766,1698751463.5288625,21896291632.897587,polkadot
2021-06-10,23.196555046160704,1452158373.0871491,23303937957.99968,polkadot
2021-06-11,22.680029341910497,1437709901.7599847,22853431521.801174,polkadot
2021-06-12,21.056524698640047,981770548.2225292,21108781102.469795,polkadot
2021-06-13,20.847240009628234,962136083.1628792,21002014902.98868,polkadot
2021-06-14,22.088991123662673,802526585.392608,22042757096.994293,polkadot
2021-06-15,25.93495744173237,2102058923.7809913,26018722804.42594,polkadot
2021-06-16,24.11981873706437,1499821201.2995617,24229295867.459297,polkadot
2021-06-17,22.83454099821231,1132504108.432292,22887778579.919186,polkadot
2021-06-18,22.554291981739443,830343796.1260432,22454000728.776775,polkadot
2021-06-19,21.455255969499717,861812291.6179062,21545349132.29741,polkadot
2021-06-20,20.382325917766163,624793482.9809674,20468951490.828773,polkadot
2021-06-21,20.744845672595986,889911121.8767681,20817405498.417953,polkadot
2021-06-22,15.781535531442344,1604155701.6824002,15982853048.931551,polkadot
2021-06-23,14.627751874192958,2207447798.607186,14637302133.758293,polkadot
2021-06-24,15.861423175287621,1395173769.7441962,15964610514.042696,polkadot
2021-06-25,16.262421022046162,891444663.6233742,16337122561.43929,polkadot
2021-06-26,14.747592275574856,863464620.4382737,14854414724.676348,polkadot
2021-06-27,14.41927250471979,805461997.5952917,14370536477.857649,polkadot
2021-06-28,14.976084280991744,616294782.9453921,15038775166.061934,polkadot
2021-06-29,15.775887722002627,755671286.8360317,15872501595.64575,polkadot
2021-06-30,16.279041729818577,935736808.1989927,16384626754.387346,polkadot
2021-07-01,16.412002192338434,858783153.1010189,16512919235.466106,polkadot
2021-07-02,15.281224095869002,585331700.7122605,15380656777.288427,polkadot
2021-07-03,15.342281439549721,468816447.8059007,15419847509.992872,polkadot
2021-07-04,15.507857021418484,433677879.5271505,15587592092.317818,polkadot
2021-07-05,16.029758819607352,496919154.30138683,16202592095.968876,polkadot
2021-07-06,15.31885654020041,574183925.1512223,15446939706.966547,polkadot
2021-07-07,16.01125441862346,710889640.5946512,16110114515.520721,polkadot
2021-07-08,16.84380170366391,1071108684.8823645,16988955419.758852,polkadot
2021-07-09,15.380429468503015,803984948.9624517,15515383491.814346,polkadot
2021-07-10,15.732674730640067,541920808.0654576,15876798284.279968,polkadot
2021-07-11,15.36268352922368,420597815.0755611,15507578349.20516,polkadot
2021-07-12,15.51696017943959,344870666.6668761,15659569354.397688,polkadot
2021-07-13,14.934794068404925,448242274.993748,15064043256.525341,polkadot
2021-07-14,14.143113801682961,392671006.92454654,14290203246.661207,polkadot
2021-07-15,13.797801649099958,594320913.1156065,13918632889.939701,polkadot
2021-07-16,13.04247296885441,559591550.8491681,13164575053.977856,polkadot
2021-07-17,12.016875287601096,552734556.6652181,12135153029.810574,polkadot
2021-07-18,12.274409909483534,602223527.0661373,12431619895.169931,polkadot
2021-07-19,12.77284725809809,491685992.45810634,12904733429.225042,polkadot
2021-07-20,11.539037723699147,633403592.1663936,11716868009.766188,polkadot
2021-07-21,11.0743355718571,604314613.6823586,11192123688.695856,polkadot
2021-07-22,12.401542039727646,943414148.436684,12507872639.32874,polkadot
2021-07-23,13.262281874766463,855200965.5527009,13425897698.422424,polkadot
2021-07-24,13.351105190817131,748669936.7785717,13516250007.12555,polkadot
2021-07-25,13.846756807214286,647617803.3238002,13995021443.19115,polkadot
2021-07-26,13.80111075819321,599123810.8506314,13977268609.217564,polkadot
2021-07-27,13.94463912061858,1406472419.6280398,14197666149.040764,polkadot
2021-07-28,14.326005804928336,924272223.9271412,14471619607.204191,polkadot
2021-07-29,14.543284734722445,861496261.0001287,14744715019.364664,polkadot
2021-07-30,15.236569038715562,859675435.1189196,15511762402.182098,polkadot
2021-07-31,15.791851834578114,899105792.4212883,16020063316.840374,polkadot
2021-08-01,16.912525912521748,970085119.0522482,17191651678.448353,polkadot
2021-08-02,18.3233458957442,2222122744.8011594,18560418021.78449,polkadot
2021-08-03,18.18533098596882,1322342228.4124486,18581195437.747715,polkadot
2021-08-04,17.471733267876886,959709619.3894043,17745897142.51564,polkadot
2021-08-05,19.1805497367464,1291235791.1619103,19483236487.043167,polkadot
2021-08-06,19.140041901139753,1270447579.789482,19473342237.69863,polkadot
2021-08-07,20.42446316253671,1293430028.7762022,20766396621.81058,polkadot
2021-08-08,21.035247716871766,1269915497.355134,21265044607.579567,polkadot
2021-08-09,19.742707991682025,1018656074.6366373,20106626711.23179,polkadot
2021-08-10,20.62804403556566,1053844787.9927258,20824372654.69003,polkadot
2021-08-11,20.653509906705782,1135180262.5213861,21021462160.86903,polkadot
2021-08-12,21.37773202804451,1462398351.259337,21760453709.923435,polkadot
2021-08-13,20.762374234824012,1239209131.0266278,21137761564.596798,polkadot
2021-08-14,22.604203176061617,1111594036.730999,22996186282.12132,polkadot
2021-08-15,22.844915663284972,1157508341.238964,23372878955.12979,polkadot
2021-08-16,23.111421610258507,944471290.0613953,23563334000.34182,polkadot
2021-08-17,24.505600114092154,2081379320.9377134,25452923777.416542,polkadot
2021-08-18,23.475585881540784,2580123102.6011233,24159304429.401466,polkadot
2021-08-19,24.217998883334403,1897698075.3012993,24871121629.816124,polkadot
2021-08-20,26.39307969821538,1834951374.3786929,26800386991.24821,polkadot
2021-08-21,28.11162896524324,1906428283.9811225,28679131918.841976,polkadot
2021-08-22,27.98249951438773,1614836574.9771018,28629606444.31811,polkadot
2021-08-23,27.76421923953403,1316710459.9558077,28485595629.483974,polkadot
2021-08-24,27.874502464277274,1346642387.4207954,28634802760.25213,polkadot
2021-08-25,25.155027283169083,1562256496.4319983,25966214797.418373,polkadot
2021-08-26,26.047207844402855,1426104606.9529798,26709687702.000233,polkadot
2021-08-27,24.3643860162625,1307436888.2346263,25001420049.62348,polkadot
2021-08-28,26.547837050599668,1360622439.1787415,27227356056.746326,polkadot
2021-08-29,25.99098096746212,829101579.1077722,26609443201.535122,polkadot
2021-08-30,25.776588868303357,678938725.0418639,26402199659.960243,polkadot
2021-08-31,26.00661198004802,1464426120.1452827,26606852908.878548,polkadot
2021-09-01,31.69534711952069,4569057825.199612,32535963685.01559,polkadot
2021-09-02,32.97277073071684,3159549414.572988,33822604572.48581,polkadot
2021-09-03,31.864305506316025,1792704918.9237335,32719602764.601856,polkadot
2021-09-04,33.43097155843943,1894789965.7705662,34222384278.98811,polkadot
2021-09-05,32.488914403134835,1155544794.471392,33466123091.017315,polkadot
2021-09-06,34.274432165434725,1262460653.608827,35142925872.48066,polkadot
2021-09-07,34.22739903407088,1659932503.4548569,35143731453.001076,polkadot
2021-09-08,27.926488890687644,4111825922.313873,28688050254.74506,polkadot
2021-09-09,27.531978243944284,2523472271.321018,28490126294.132744,polkadot
2021-09-10,29.689510289564407,2236812413.367374,30643022045.922634,polkadot
2021-09-11,28.996715238323496,2729974247.8725033,29788383579.59864,polkadot
2021-09-12,31.43064687183972,1677342484.6653113,32286865041.880806,polkadot
2021-09-13,35.75990641335851,3341446624.441163,37027846170.79269,polkadot
2021-09-14,34.81777544563242,5604723293.868191,35812324937.10864,polkadot
2021-09-15,37.53172439963404,2939726407.270585,38788253004.43867,polkadot
2021-09-16,36.32933883533318,1625848750.932562,37410339125.7701,polkadot
2021-09-17,35.549524255890255,1710265888.0050788,36546026114.95362,polkadot
2021-09-18,33.09227314887529,1782611570.3137794,34034533042.46009,polkadot
2021-09-19,34.934410728513505,1327354227.9320111,36039068294.78999,polkadot
2021-09-20,33.7407233723622,1019941670.7607338,34807420627.91072,polkadot
2021-09-21,28.333626600911884,2884063141.216121,28858484282.205788,polkadot
2021-09-22,25.942043886237556,2393207898.4139647,26596968281.658463,polkadot
2021-09-23,31.41067815412838,2179016958.3430533,32330431374.67911,polkadot
2021-09-24,33.464521782542995,1701994083.1513853,34457686867.44408,polkadot
2021-09-25,30.768722950317553,2858400513.0512323,32097307439.380386,polkadot
2021-09-26,30.04378117695469,1508016469.170687,31000841342.569416,polkadot
2021-09-27,28.739701317904686,1910397670.076767,29660694061.66691,polkadot
2021-09-28,27.67820657740941,1239547492.5131752,28750637839.83791,polkadot
2021-09-29,26.225564399871853,1133874857.2115479,27312849334.235485,polkadot
2021-09-30,27.327637141304375,1141653463.512733,28251846107.374012,polkadot
2021-10-01,28.618114087839533,946076212.7442867,29647004904.201897,polkadot
2021-10-02,31.978847883259032,1539100178.7016811,33124711534.88856,polkadot
2021-10-03,32.19539836627864,1093592994.3993373,33366977888.09331,polkadot
2021-10-04,32.200486900159035,981313959.1390123,33433185196.45586,polkadot
2021-10-05,31.185245935073066,1068187920.8816575,32355047103.451736,polkadot
2021-10-06,31.541054456229364,1153342607.52326,32811530483.494095,polkadot
2021-10-07,32.485705866217415,1673853881.1569786,33631272711.70877,polkadot
2021-10-08,33.83145977239081,2437285587.375258,35072084816.551285,polkadot
2021-10-09,33.370044760833935,1340022268.8006043,34620498524.94477,polkadot
2021-10-10,36.373698468386564,1629814362.5436416,37802353613.87512,polkadot
2021-10-11,34.34298721225934,1612950927.4838629,35710512172.95275,polkadot
2021-10-12,34.113785679254384,1433542116.6139305,35325841250.25503,polkadot
2021-10-13,35.13048155416554,1663686691.70196,36538467935.6122,polkadot
2021-10-14,41.72781217437264,4527734457.71567,43402384032.36916,polkadot
2021-10-15,40.720592122011716,2834739999.4049153,42297076381.17521,polkadot
2021-10-16,43.5866296137355,3340306020.12635,45369612052.93674,polkadot
2021-10-17,41.968290433109175,2044464416.564224,43859273192.05522,polkadot
2021-10-18,42.12994623897843,1678390358.3639565,43742927172.28111,polkadot
2021-10-19,41.14152379788144,1670187843.7146287,42776996273.43379,polkadot
2021-10-20,41.420230493727836,1362586696.1227024,43172393924.76975,polkadot
2021-10-21,44.55324022965871,2051643382.724359,46502735484.6576,polkadot
2021-10-22,43.00191330948035,2259319122.6516676,44853525407.92835,polkadot
2021-10-23,43.76861008364971,2422252174.461146,45743493577.48053,polkadot
2021-10-24,44.12639396425712,1133605760.2683647,45949461091.81612,polkadot
2021-10-25,42.52360241274431,1174173107.44725,44266068982.239525,polkadot
2021-10-26,44.59331921239614,1262328203.4107306,46565972980.72428,polkadot
2021-10-27,45.302770817549685,1663350142.7556872,47076289145.008644,polkadot
2021-10-28,40.48819618495527,2822544773.7466774,42320923634.55647,polkadot
2021-10-29,42.073440498286715,2837544491.9542346,43915913929.21665,polkadot
2021-10-30,44.12376816409454,2174026709.4708204,46048093042.8942,polkadot
2021-10-31,42.736192329791095,921954043.1230278,44630826101.60116,polkadot
2021-11-01,42.81690939370991,1166429150.4682539,44886129168.90644,polkadot
2021-11-02,50.09269045865121,4318501726.145254,52530888832.48173,polkadot
2021-11-03,51.27829191261836,2182640237.2542076,53365191562.93175,polkadot
2021-11-04,53.33615766815946,3252716884.514119,55783091481.4853,polkadot
2021-11-05,54.14285984546231,2697750494.53814,56578310063.025444,polkadot
2021-11-06,51.990745657999035,1720857363.0911849,54378059923.014465,polkadot
2021-11-07,52.07770442889012,1627969789.0787377,54554740326.24517,polkadot
2021-11-08,52.39636639694776,1340475200.6258733,54856754672.34203,polkadot
2021-11-09,53.39305737496087,1651861930.0147119,56053826261.21133,polkadot
2021-11-10,50.96942903851561,1748304840.7502017,53615095611.95095,polkadot
2021-11-11,46.99648883017275,3042657593.4231935,49245687240.40879,polkadot
2021-11-12,47.82785067139819,1783298683.2010467,50255317535.37581,polkadot
2021-11-13,46.11537592517483,1891156861.5722303,48284481979.40985,polkadot
2021-11-14,47.275224791841616,1068657955.267484,49560802050.11947,polkadot
2021-11-15,46.591442711863266,844253258.6828798,48616511838.581566,polkadot
2021-11-16,44.93714053035325,1101847678.233345,47241284463.34242,polkadot
2021-11-17,41.18319811384895,2820151302.868465,43398597488.69447,polkadot
2021-11-18,42.6861490104601,1788604885.741558,44819576742.965065,polkadot
2021-11-19,38.926188899913996,1985512677.7768087,41137039675.124115,polkadot
2021-11-20,41.42920166167476,1421375199.7158933,43630032597.80758,polkadot
2021-11-21,42.184786086687964,942752211.5820888,44503624182.3523,polkadot
2021-11-22,42.58084389913225,1105619165.4750638,45167296661.409134,polkadot
2021-11-23,39.460313920693075,1273900351.13475,41758139803.886024,polkadot
2021-11-24,40.89380081135477,1022163840.9830971,43155813816.60871,polkadot
2021-11-25,38.338259845831686,990884789.2227674,40623954497.32558,polkadot
2021-11-26,39.3973876308258,1061523199.1464257,41769419055.51868,polkadot
2021-11-27,34.607328982708594,1990184283.7149525,36623738524.83695,polkadot
2021-11-28,34.95133852170145,879872172.5632542,36923137591.07219,polkadot
2021-11-29,35.64442850483728,1345484276.184666,37772947847.735794,polkadot
2021-11-30,37.1882620027123,1096283142.8420017,39610271572.13685,polkadot
2021-12-01,38.003426416904354,1373406877.464189,40350744977.338905,polkadot
2021-12-02,36.69905708848537,1100787168.1851666,38940235497.91298,polkadot
2021-12-03,35.72071372962105,870059822.7496377,38020300996.14989,polkadot
2021-12-04,33.797058582536444,1176870278.2351947,35994478947.066925,polkadot
2021-12-05,29.277802791950165,2556537289.3265076,31100610008.464878,polkadot
2021-12-06,28.290659708129795,1275046140.7495067,29998972084.677536,polkadot
2021-12-07,28.275803567681336,1738242139.5823917,30045183844.325577,polkadot
2021-12-08,30.343726589287844,1579164770.1548488,32206355695.974754,polkadot
2021-12-09,29.81682528014429,1181804681.8365912,31627251203.396294,polkadot
2021-12-10,27.014186624811703,1069872318.3930647,28884963331.479652,polkadot
2021-12-11,26.557637832512125,1215820047.05959,28443367930.50603,polkadot
2021-12-12,27.74464744086527,1053957136.113929,29507420179.870304,polkadot
2021-12-13,29.5600373761154,754187548.973305,31425235076.101345,polkadot
2021-12-14,25.932313811594845,1099903245.3700864,27635661681.994724,polkadot
2021-12-15,26.181983524343526,1035781763.9881892,27776696297.039307,polkadot
2021-12-16,27.231332106149466,1427962620.7600164,28682452365.937973,polkadot
2021-12-17,26.002561395415963,1297342225.9638927,27675798693.906647,polkadot
2021-12-18,24.765112114316356,1006604899.8237394,26416068626.617535,polkadot
2021-12-19,25.55648562112267,750325433.6941878,27260000560.942574,polkadot
2021-12-20,24.802747465478337,618517652.2460241,26529707389.43836,polkadot
2021-12-21,24.23642926385144,789581277.3226116,25931679868.20374,polkadot
2021-12-22,25.274795319137755,752694540.9301143,27078881471.485497,polkadot
2021-12-23,27.288277179201177,1160469145.6087036,29167743983.92905,polkadot
2021-12-24,29.239632207049347,1315971444.8437622,31173032224.78567,polkadot
2021-12-25,28.157889269866587,876002452.4345791,30096279470.711548,polkadot
2021-12-26,28.94915717480624,562403880.4516754,31022208369.717255,polkadot
2021-12-27,31.420552375463284,1385818214.8027556,33550554796.09437,polkadot
2021-12-28,31.046054786643506,1440198029.352226,33302241419.428368,polkadot
2021-12-29,28.030041142425592,2004953651.9929783,30133454586.661674,polkadot
2021-12-30,26.746921410551437,1417025633.0025005,28482916518.775734,polkadot
2021-12-31,27.53836772217654,1056266379.5992932,29412068041.195526,polkadot
2022-01-01,26.737095973322056,1029198943.9670718,28732998502.746273,polkadot
2022-01-02,28.641423056433503,650806340.6952845,30517681838.453594,polkadot
2022-01-03,29.76663909151273,1076715455.9372327,31944115354.77421,polkadot
2022-01-04,30.15170108918123,1461765935.1203914,32436340090.242737,polkadot
2022-01-05,28.85560896706936,1312142515.8722835,31537656135.75426,polkadot
2022-01-06,26.88794754649635,1517014108.0554445,28936275424.478165,polkadot
2022-01-07,26.81810933164343,1281481231.3562808,28843259208.714306,polkadot
2022-01-08,24.966617574613622,2220537714.3123727,26779237851.543533,polkadot
2022-01-09,24.051793062157824,1258983747.847014,25923977117.20303,polkadot
2022-01-10,24.65132946490016,1087184419.1135013,26407621531.276527,polkadot
2022-01-11,23.773314178362128,1414107986.2645206,25456977504.43002,polkadot
2022-01-12,25.549876615214746,1276554183.5632813,27475553928.56419,polkadot
2022-01-13,27.349144715858582,1159766365.0459332,29399262365.304707,polkadot
2022-01-14,25.836341318657578,1118039838.0957701,27917785563.580727,polkadot
2022-01-15,27.748763536504455,1484988317.430836,29684561956.36822,polkadot
2022-01-16,27.778986859944954,915517798.381983,29895862458.44073,polkadot
2022-01-17,27.738117191121205,1049845646.3621527,29789790006.807434,polkadot
2022-01-18,25.751505858215815,1170420006.1762898,27670413006.059025,polkadot
2022-01-19,25.118053411006642,1087004448.6463797,27020370467.037605,polkadot
2022-01-20,24.162781364500326,957657579.364165,26125537293.84224,polkadot
2022-01-21,23.024331211171255,988320911.00652,24969517569.592186,polkadot
2022-01-22,19.574187609576683,1979544572.036382,21173684730.274296,polkadot
2022-01-23,18.28708783426802,2455316924.7197995,19674934664.12584,polkadot
2022-01-24,18.802671156939812,1420665035.5397663,20234576752.466,polkadot
2022-01-25,18.126485578434096,1955649017.7112184,19558589660.8442,polkadot
2022-01-26,18.5395852346935,1234858143.1858609,19987558900.912,polkadot
2022-01-27,18.10492562402364,1451660664.4299476,19665313790.58067,polkadot
2022-01-28,18.18946807468125,1020174861.693886,19501146889.39568,polkadot
2022-01-29,18.372851407945653,820374496.7826016,19806520731.82455,polkadot
2022-01-30,18.76352083387839,607122616.9946909,20151361693.38701,polkadot
2022-01-31,18.221536871514516,605567191.7940992,19651471274.50926,polkadot
2022-02-01,19.456703840135145,943068662.2311251,20922623770.2995,polkadot
2022-02-02,19.64032263624118,897937499.674754,21259400427.022354,polkadot
2022-02-03,18.84269861214864,981092196.1154816,20314239323.80025,polkadot
2022-02-04,18.76318690237329,747076284.5884506,20253940808.552387,polkadot
2022-02-05,20.493714841425078,936097374.8445774,21920795400.66965,polkadot
2022-02-06,21.410655041263617,1078480125.1055315,23208237609.594383,polkadot
2022-02-07,21.93454476389413,669179973.8590842,23630077327.0498,polkadot
2022-02-08,22.421151190170697,1094307998.8477252,24285830156.680973,polkadot
2022-02-09,21.716960262761894,1178072579.252564,23527048022.776833,polkadot
2022-02-10,21.958282792374536,727651466.613877,23774347905.930065,polkadot
2022-02-11,20.665904642186753,1058676685.0210963,22480041052.512695,polkadot
2022-02-12,18.98356987116232,992204806.4227159,20572029325.256985,polkadot
2022-02-13,18.815152462515293,702583071.2979032,20347060821.402138,polkadot
2022-02-14,18.840796816073365,520320760.0056092,20286774145.390427,polkadot
2022-02-15,18.732314169743915,605860012.7828761,20330586905.798527,polkadot
2022-02-16,20.167527228360353,648661043.8032804,21989212429.833023,polkadot
2022-02-17,19.831693104156717,651228108.5882292,21632674348.359264,polkadot
2022-02-18,18.123878114571923,729682828.0764459,19666147141.288696,polkadot
2022-02-19,17.86887473067776,662062096.4864421,19440501172.636116,polkadot
2022-02-20,17.926197744256044,431248077.2874277,19440770227.12013,polkadot
2022-02-21,16.948377603477436,654237821.1593908,18571831871.01635,polkadot
2022-02-22,16.212967526787747,939691993.3548201,17594587959.022434,polkadot
2022-02-23,16.581915190362093,823757048.9395145,17917639268.337646,polkadot
2022-02-24,16.036832530428047,918406607.3870813,17465416910.19338,polkadot
2022-02-25,16.104118842758016,1685419680.7506614,17503655353.218777,polkadot
2022-02-26,17.310035168644806,902436424.7650347,18908136701.357437,polkadot
2022-02-27,18.006637522495673,1059446587.4252287,19504595248.591766,polkadot
2022-02-28,17.51614278663639,987126257.7958626,19052243735.017506,polkadot
2022-03-01,18.943247857401634,1335777108.4068086,20606771091.38648,polkadot
2022-03-02,18.87702635955203,1246786555.9126437,20556858846.838238,polkadot
2022-03-03,18.608045948712572,841557855.3766359,20289899683.262436,polkadot
2022-03-04,18.03471783366769,793303761.699699,19677291867.65052,polkadot
2022-03-05,16.784881153845042,814224107.9201245,18360963628.261246,polkadot
2022-03-06,17.330377141911068,611717395.9555771,18883862709.2341,polkadot
2022-03-07,17.01198949977739,583143137.6472855,18560720716.930275,polkadot
2022-03-08,16.426913670743733,738284001.6916823,17862554741.695995,polkadot
2022-03-09,16.945346784357945,683767994.0548117,18508887744.591454,polkadot
2022-03-10,17.876245857159546,692867521.3571929,19560678405.51668,polkadot
2022-03-11,16.985958823787616,601179816.7222946,18530956722.802334,polkadot
2022-03-12,17.743647828145413,907000023.3657291,19500591095.318806,polkadot
2022-03-13,18.150935728455433,700110604.5677758,19856321187.00703,polkadot
2022-03-14,17.234219464598677,466836866.97416115,18826508207.97311,polkadot
2022-03-15,17.68738785594418,513960792.2023474,19307388269.832634,polkadot
2022-03-16,17.828163307983015,483167184.41158473,19542246751.84596,polkadot
2022-03-17,19.055584448057218,863021898.944217,20882474607.959236,polkadot
2022-03-18,18.755074123220062,572900134.7396764,20515847616.429142,polkadot
2022-03-19,19.01395775408254,538421869.0531887,20852676356.84929,polkadot
2022-03-20,19.34596806110183,599135365.0360895,21161039415.237484,polkadot
2022-03-21,18.64579860180783,489026278.92273843,20430937897.518433,polkadot
2022-03-22,18.788263823872484,510297791.81672853,20555627493.357197,polkadot
2022-03-23,20.365777074518867,858765012.0841838,22375580025.085613,polkadot
2022-03-24,20.980470549502094,950162625.406149,22917058256.87239,polkadot
2022-03-25,21.210356404656093,871015126.7953657,23287483814.445496,polkadot
2022-03-26,20.547025200525564,706999483.6571165,22536737974.604527,polkadot
2022-03-27,20.8739438123419,424587521.0171155,22895536369.104588,polkadot
2022-03-28,22.38661684964733,610987177.2090095,24508515096.40211,polkadot
2022-03-29,21.914457883187087,1042448625.9844141,24285077478.31352,polkadot
2022-03-30,22.403552309898593,982288122.1198189,24458395644.506012,polkadot
2022-03-31,22.512011785197572,926646920.3787513,24764137740.674706,polkadot
2022-04-01,21.318705302764997,986419411.9764845,23348056183.67952,polkadot
2022-04-02,21.996761615732268,958748664.9312756,24107462117.789444,polkadot
2022-04-03,22.684900908599285,1196992957.9850526,25068600693.179695,polkadot
2022-04-04,23.193205512290056,925170103.2173431,25454146154.2081,polkadot
2022-04-05,22.560434275454405,924348637.4240115,24809702948.170696,polkadot
2022-04-06,21.843016612182463,780485513.9069963,24170810469.617382,polkadot
2022-04-07,19.89700107558607,967317926.5029364,21884023993.94301,polkadot
2022-04-08,20.441624053567306,669734254.5340466,22592140089.39074,polkadot
2022-04-09,19.3675905584022,624597827.4739991,21245308735.687393,polkadot
2022-04-10,19.792656880328018,375847571.66456026,21776656313.102512,polkadot
2022-04-11,19.331487558951697,458928408.4588878,21519585779.975433,polkadot
2022-04-12,17.182499771391125,807966452.0830128,18983230927.236343,polkadot
2022-04-13,17.817527483368114,610671782.2777971,19652345191.89618,polkadot
2022-04-14,18.206153438222977,513878512.39558345,20085251304.51666,polkadot
2022-04-15,17.954475956169055,531799292.7406566,19820298510.02851,polkadot
2022-04-16,18.379594847435794,417489722.8127524,20276872295.4029,polkadot
2022-04-17,18.660527306495563,338970682.95782435,20627331273.634712,polkadot
2022-04-18,17.783716538513406,360271198.25218636,19583307840.980343,polkadot
2022-04-19,18.178777088900517,565624303.9900763,20073661890.904236,polkadot
2022-04-20,18.89087581721998,450524783.6556457,20866279144.09492,polkadot
2022-04-21,19.088467611153188,681706472.1225206,21075560676.450333,polkadot
2022-04-22,18.18472037750706,610473534.433647,20078291029.149815,polkadot
2022-04-23,18.31857023588711,500418741.45423335,20274065116.599762,polkadot
2022-04-24,18.741319387866202,501125213.424789,20796207821.715855,polkadot
2022-04-25,18.160653932275427,431280288.52969056,20144224683.236816,polkadot
2022-04-26,18.128100926600588,640029499.7165745,20042103389.29254,polkadot
2022-04-27,16.610705695593627,608182597.014722,18334870751.213654,polkadot
2022-04-28,16.93827653241623,466016977.0009809,18737295016.70675,polkadot
2022-04-29,16.982954466317672,469832988.98866826,18764543676.722324,polkadot
2022-04-30,16.17424077241381,447859503.00437444,17863328168.972263,polkadot
2022-05-01,14.569888162040202,533768189.4936618,16077408003.321634,polkadot
2022-05-02,15.41877382499901,566782282.6168377,17115974747.519098,polkadot
2022-05-03,14.992753076070642,538576541.4047321,16595396688.372225,polkadot
2022-05-04,14.727361922722716,375587076.85691464,16336234645.316235,polkadot
2022-05-05,16.292368065665716,604596716.3630756,18086809036.753685,polkadot
2022-05-06,14.598846299024533,770366270.3320502,16139787079.44338,polkadot
2022-05-07,14.355717785177836,666420063.0669165,15902171731.291216,polkadot
2022-05-08,13.800376804821555,435899397.53231937,15342351275.278414,polkadot
2022-05-09,13.22936099121686,587559187.9237889,14693132680.216925,polkadot
2022-05-10,10.801429785440924,1221147645.002189,12052264545.716862,polkadot
2022-05-11,11.325014505908833,1373396700.0395489,12523107067.912542,polkadot
2022-05-12,8.901204052865326,2052805582.575399,9740921015.694233,polkadot
2022-05-13,8.769325238296613,1330860993.6132805,9672794814.103233,polkadot
2022-05-14,10.4879764448722,1485101669.9979768,11547696159.158506,polkadot
2022-05-15,11.37609195242141,1032886423.6067917,12731953528.881876,polkadot
2022-05-16,11.800640817629374,737142046.4429593,13088251956.97884,polkadot
2022-05-17,10.661734977316367,679048385.0595918,11874243350.516064,polkadot
2022-05-18,11.053819427499075,589327512.4078904,12319610110.939802,polkadot
2022-05-19,9.517212484127024,664994046.9796052,10641628789.46398,polkadot
2022-05-20,10.07163545677334,664760747.256002,11217941457.897118,polkadot
2022-05-21,9.695758499813333,474118252.2812381,10809968711.678555,polkadot
2022-05-22,9.99688541163415,281874137.5877274,11157329579.411272,polkadot
2022-05-23,10.189629881421922,350967436.47877896,11373307300.649183,polkadot
2022-05-24,9.917950994206555,666619486.6452429,11069201694.498749,polkadot
2022-05-25,10.197008650448218,446644494.0847582,11362810071.348871,polkadot
2022-05-26,9.855449944611918,401058791.2259247,11001255600.649736,polkadot
2022-05-27,9.198261981785189,676496224.0061575,10282583415.737362,polkadot
2022-05-28,9.13874862040733,895069085.2552017,10192458909.114304,polkadot
2022-05-29,9.695152233273474,384380632.6241109,10862046854.90491,polkadot
2022-05-30,9.986166924880612,362425595.7607218,11168390882.839823,polkadot
2022-05-31,10.461842809318215,522596182.88481176,11690276218.36792,polkadot
2022-06-01,10.448283148141524,537525366.9990507,11683748015.891912,polkadot
2022-06-02,9.484222468578501,582914758.444155,10621419565.291458,polkadot
2022-06-03,9.896299945398498,428346299.65681297,11094518595.936201,polkadot
2022-06-04,9.372006368573782,344577333.1850279,10450662464.77977,polkadot
2022-06-05,9.436263733449623,229554477.1705427,10530959378.612339,polkadot
2022-06-06,9.338347728064072,200116189.32318878,10483265818.921627,polkadot
2022-06-07,9.472049966781283,353038223.04368776,10627685062.193472,polkadot
2022-06-08,9.245287369128352,360635212.5797018,10377514374.978031,polkadot
2022-06-09,9.000860375425932,272545740.6317595,10092888732.36357,polkadot
2022-06-10,9.224408429940054,303952508.1174619,10343193899.88632,polkadot
2022-06-11,8.656938948250048,389959553.4516226,9702915948.225163,polkadot
2022-06-12,8.007773894291699,380922783.0963164,8976559550.963488,polkadot
2022-06-13,7.450027957000497,458133743.8870508,8431247007.134336,polkadot
2022-06-14,7.001810875279709,894612341.9765085,7774561604.468859,polkadot
2022-06-15,7.379032716449845,720864697.4473226,8291133948.242304,polkadot
2022-06-16,8.516714356116118,914920363.8200166,9514898970.918207,polkadot
2022-06-17,7.105844592665794,536050086.9674976,7956220111.036415,polkadot
2022-06-18,7.325464174931059,358960490.8294395,8244703664.961858,polkadot
2022-06-19,7.068027828135199,478129359.6275283,7910999673.97284,polkadot
2022-06-20,7.504558358292622,413627572.8865504,8418274234.958723,polkadot
2022-06-21,7.894626280316918,409754603.9106185,8896278057.431814,polkadot
2022-06-22,7.736855254831152,355538111.64542514,8703533941.397642,polkadot
2022-06-23,7.419624804433869,337528816.3887432,8352025120.433854,polkadot
2022-06-24,7.806285623861093,366090684.92139626,8765113684.228264,polkadot
2022-06-25,8.21567426052568,425787143.6079469,9310880004.037724,polkadot
2022-06-26,8.135501883565913,305775337.79692847,9146371513.872196,polkadot
2022-06-27,7.861850137967533,252563578.61905572,8830347150.935154,polkadot
2022-06-28,7.72479055629487,319318615.45482194,8715938811.850235,polkadot
2022-06-29,7.29512308847008,402816957.71528274,8211808453.80647,polkadot
2022-06-30,7.002323505207497,502776117.96970075,7889820786.128837,polkadot
2022-07-01,6.970042715539203,496017030.32697165,7768769566.469388,polkadot
2022-07-02,6.789762340578334,566020493.5375553,7701931883.2126875,polkadot
2022-07-03,6.827235670454218,311046060.2183726,7702459312.37924,polkadot
2022-07-04,6.849241180089714,253032931.41663566,7729361697.777877,polkadot
2022-07-05,7.169210518110505,382160091.17067796,8094267844.248962,polkadot
2022-07-06,6.840206443166161,557284693.3615872,7725625501.466356,polkadot
2022-07-07,6.932599081682027,428661695.32595325,7834963151.533634,polkadot
2022-07-08,7.320223383970988,465486302.6211283,8267394078.282055,polkadot
2022-07-09,7.138690731338326,502296515.55760515,8072722719.230238,polkadot
2022-07-10,7.2620836518951455,367312857.4197307,8217252048.741429,polkadot
2022-07-11,6.853636299733879,389912956.6004521,7739133741.493705,polkadot
2022-07-12,6.548562170533149,290393929.6148746,7409676236.8237095,polkadot
2022-07-13,6.299920689741761,274438888.38976103,7195524647.3331585,polkadot
2022-07-14,6.466718030554244,352705738.29318476,7315148414.477521,polkadot
2022-07-15,6.722033479422479,307959821.08722556,7618273743.548126,polkadot
2022-07-16,6.803514529364242,323795323.9091801,7696476702.795513,polkadot
2022-07-17,7.1806583122276795,337773085.79517287,8127524864.645293,polkadot
2022-07-18,6.941678186836009,285755326.44660366,7882982690.455788,polkadot
2022-07-19,7.663547079988968,577567571.1279551,8623146904.758888,polkadot
2022-07-20,7.805428675874703,746242075.3136312,8830877481.74446,polkadot
2022-07-21,7.494747923839123,591571953.7072768,8511024502.724661,polkadot
2022-07-22,7.522307681331509,381438899.58744115,8536024949.0963,polkadot
2022-07-23,7.305335424196388,409965947.3129851,8278054689.219274,polkadot
2022-07-24,7.350939101233989,316796653.09030455,8328034192.180636,polkadot
2022-07-25,7.418171973435616,334141235.42908055,8459820440.84062,polkadot
2022-07-26,6.801378054710406,389825980.9307424,7794274433.176702,polkadot
2022-07-27,6.761483215626529,355891139.67063516,7673308433.411879,polkadot
2022-07-28,7.561940666246688,476702692.01840645,8500895624.267787,polkadot
2022-07-29,7.856758845650289,731958391.0652231,8926076457.834269,polkadot
2022-07-30,8.254099425235934,704624822.1397939,9493813839.320831,polkadot
2022-07-31,8.223237506460018,652019084.5777812,9353641329.186054,polkadot
2022-08-01,8.676722318164812,800855163.8112267,9891619918.315361,polkadot
2022-08-02,8.182566038730137,637064108.3820356,9287964269.291164,polkadot
2022-08-03,7.987130875742656,616047227.5401912,9112943029.573925,polkadot
2022-08-04,8.019968326257795,497363617.2538427,9104031869.777122,polkadot
2022-08-05,8.105913518219932,370664603.7015763,9201056896.420918,polkadot
2022-08-06,8.782313243874109,493509572.10535455,9973892090.0524,polkadot
2022-08-07,8.535766619734408,359906898.4779536,9715932783.413113,polkadot
2022-08-08,8.645826921981477,316791951.5772106,9848633511.008566,polkadot
2022-08-09,9.293793478167027,680460985.7296546,10600715580.037605,polkadot
2022-08-10,8.907662578820101,1793771726.8006394,10124535855.600483,polkadot
2022-08-11,9.488815023023541,821049280.8519104,10784370405.833023,polkadot
2022-08-12,9.201884659413661,666188098.0228884,10498493245.224518,polkadot
2022-08-13,9.480567462863045,536717872.361275,10800522855.660023,polkadot
2022-08-14,9.304670048983118,349277713.0658586,10607878198.480349,polkadot
2022-08-15,8.955954355161216,410218267.5534377,10239352122.824654,polkadot
2022-08-16,8.811939800005115,443748608.91429573,10054037534.143883,polkadot
2022-08-17,8.863559569845178,361783935.16488737,10091757471.36399,polkadot
2022-08-18,8.370952417932997,434704289.0953314,9573334762.97622,polkadot
2022-08-19,8.104153247573388,321099596.183252,9280116805.423048,polkadot
2022-08-20,7.336196407991564,468975086.58167636,8387928914.140771,polkadot
2022-08-21,7.234957915613337,325902403.56033987,8257720937.426555,polkadot
2022-08-22,7.456335865567314,239159522.8705295,8539197111.170634,polkadot
2022-08-23,7.402169823069187,293458774.69653,8450196394.7235985,polkadot
2022-08-24,7.65794979782759,328997051.524054,8747771938.814651,polkadot
2022-08-25,7.581044670572473,270013995.87179303,8681481222.76114,polkadot
2022-08-26,7.59438701810938,233753956.12490514,8709104447.676794,polkadot
2022-08-27,6.937489346438347,338509659.2806309,7910360418.702681,polkadot
2022-08-28,7.062807230819954,264326212.12453198,8094454288.933932,polkadot
2022-08-29,6.895424792064857,192071231.52542433,7904906863.210184,polkadot
2022-08-30,7.290118968272859,278447038.21825695,8360169420.422865,polkadot
2022-08-31,6.984391608517394,264676362.7892612,8053688426.145474,polkadot
2022-09-01,7.019343630471642,239489891.2733127,8041149795.790877,polkadot
2022-09-02,7.193081069206047,267990947.572671,8244074802.016993,polkadot
2022-09-03,7.3019734403613725,349647674.49128175,8363690740.074321,polkadot
2022-09-04,7.276799953721473,197241570.15928125,8358887669.340904,polkadot
2022-09-05,7.374550409292204,215999275.7426145,8458100395.998685,polkadot
2022-09-06,7.362505243906269,294534221.9765169,8448942576.525926,polkadot
2022-09-07,6.892565163556254,395188284.97998774,7927675072.449328,polkadot
2022-09-08,7.202308390586858,317512665.2320209,8281145104.426949,polkadot
2022-09-09,7.395360164932129,336043666.79299015,8494892119.744665,polkadot
2022-09-10,7.762750555283015,357445285.7066698,8930263758.923895,polkadot
2022-09-11,7.794452310539513,273468652.7839261,8963321266.752571,polkadot
2022-09-12,7.685712587696711,249226804.14856288,8842559955.013815,polkadot
2022-09-13,7.643022794488279,418330939.99678606,8794425064.494183,polkadot
2022-09-14,7.0851159860761745,423497658.6158054,8153896049.837282,polkadot
2022-09-15,7.213760436420992,288042764.5222527,8287223105.581056,polkadot
2022-09-16,6.925994666672714,331917684.92857593,7986527235.292601,polkadot
2022-09-17,6.885169664119995,281326251.4442499,7930762988.751271,polkadot
2022-09-18,7.062033609787554,200117947.7609119,8133724043.01097,polkadot
2022-09-19,6.451319275569396,304668233.4065653,7444358864.841,polkadot
2022-09-20,6.400147682393467,374381504.5999829,7395756926.515954,polkadot
2022-09-21,6.2735544717347125,249671892.20249358,7234401006.965719,polkadot
2022-09-22,6.15507954434087,378987568.43804663,7090934908.920663,polkadot
2022-09-23,6.459199231132459,261158472.98531902,7443065137.032053,polkadot
2022-09-24,6.4387239867675765,338069357.26604915,7456703132.509926,polkadot
2022-09-25,6.279193352283581,204567906.99327344,7251574448.160442,polkadot
2022-09-26,6.2090362798894345,189022810.3120595,7159920013.085959,polkadot
2022-09-27,6.537305452547308,373281606.89103955,7540850498.713729,polkadot
2022-09-28,6.385907691464419,320786055.5385544,7385624069.108253,polkadot
2022-09-29,6.402230753147547,252245048.66838986,7403608529.936789,polkadot
2022-09-30,6.424362258931859,248460354.27300838,7428715004.611359,polkadot
2022-10-01,6.318884540630228,310145298.629885,7310803464.732821,polkadot
2022-10-02,6.270177916210261,171677814.68415865,7252843118.61635,polkadot
2022-10-03,6.175004031977384,192661765.0237451,7166319648.00176,polkadot
2022-10-04,6.382121662764067,222801270.31950393,7390559332.246163,polkadot
2022-10-05,6.495634012286242,199914235.40467995,7531801921.44372,polkadot
2022-10-06,6.434243088786229,194188039.11389047,7453510738.65797,polkadot
2022-10-07,6.335205166710474,199865910.5473672,7342580757.52559,polkadot
2022-10-08,6.303039128782252,184577625.44787857,7296315268.650179,polkadot
2022-10-09,6.3072484298727955,126797316.37634787,7309051485.728786,polkadot
2022-10-10,6.474215515030945,162194352.24792752,7491730312.181772,polkadot
2022-10-11,6.261375650357296,196475554.4770108,7274219535.160056,polkadot
2022-10-12,6.178437206667696,179637147.53118715,7161888672.234232,polkadot
2022-10-13,6.170286131792819,143942887.81035906,7157412350.284423,polkadot
2022-10-14,6.118107126071069,326897884.2909971,7114842219.699822,polkadot
2022-10-15,6.0482969336456796,200870897.61336842,7009033707.780369,polkadot
2022-10-16,6.053848659488938,128879776.90124626,7037781206.478399,polkadot
2022-10-17,6.187909002854843,154968669.6137633,7180379823.719873,polkadot
2022-10-18,6.26190922076587,181727224.5362455,7273858475.315711,polkadot
2022-10-19,6.159840950533676,197244682.70468947,7166066151.390535,polkadot
2022-10-20,6.100192535102491,235306968.93755448,7106619182.888053,polkadot
2022-10-21,5.879164097467845,251460220.00984746,6835261335.235466,polkadot
2022-10-22,5.831333073776765,335658828.31249356,6784441834.768565,polkadot
2022-10-23,5.849650890164364,226793996.6026821,6805293108.55777,polkadot
2022-10-24,5.959396740320037,225723711.88938487,6924787993.258908,polkadot
2022-10-25,5.908162457565343,247486445.18301448,6878576580.041779,polkadot
2022-10-26,6.4487343859863415,424831161.077615,7511228760.251265,polkadot
2022-10-27,6.472561100006428,314755284.2109196,7532505304.806425,polkadot
2022-10-28,6.341407609886782,307410462.9211887,7395895635.919502,polkadot
2022-10-29,6.520146600462493,270925964.7311389,7600020160.998655,polkadot
2022-10-30,6.628612882300657,329448106.51637316,7721226925.995076,polkadot
2022-10-31,6.646905931405313,247616521.25816256,7738753670.074439,polkadot
2022-11-01,6.629761481159746,374068126.8039857,7737917244.89008,polkadot
2022-11-02,6.470919304139706,323537949.2378855,7552494492.212819,polkadot
2022-11-03,6.248053129263109,447817125.95940685,7292225645.392948,polkadot
2022-11-04,6.420972532569684,400845031.4002077,7497048063.387318,polkadot
2022-11-05,7.070667814964063,596760256.7645359,8273263731.217569,polkadot
2022-11-06,7.019881861679114,524853725.39645594,8216821124.383448,polkadot
2022-11-07,6.8191786227324425,386646382.141361,7966513124.6598425,polkadot
2022-11-08,7.119434896729182,580552457.0833167,8316417040.695849,polkadot
2022-11-09,6.305819529634667,879258826.5510267,7404280923.670162,polkadot
2022-11-10,5.387935014686499,803851322.3157233,6303598459.159675,polkadot
2022-11-11,5.959795503990238,604308002.6599672,6961553364.684112,polkadot
2022-11-12,5.777985907411939,408619625.7361751,6726484884.002696,polkadot
2022-11-13,5.77407449492291,218809784.92624253,6746201815.205456,polkadot
2022-11-14,5.751572408119209,242972818.65175647,6704558947.326855,polkadot
2022-11-15,5.862457337190748,276137142.5529776,6876430506.280473,polkadot
2022-11-16,5.924926486568587,165930249.8254998,6940011819.542353,polkadot
2022-11-17,5.7227420952101085,167588762.1354588,6687686885.227982,polkadot
2022-11-18,5.681003680598559,152595562.8398643,6651305250.237583,polkadot
2022-11-19,5.645948553150153,134814487.54958668,6613047607.886468,polkadot
2022-11-20,5.607460544771688,108869520.2521429,6575422956.353078,polkadot
2022-11-21,5.299733010902535,185142127.93378395,6221134508.195583,polkadot
2022-11-22,5.199655615266775,264092333.70384037,6104721832.339722,polkadot
2022-11-23,5.273028337640404,256645938.64162102,6201634999.630893,polkadot
2022-11-24,5.443165190559928,217511018.5492946,6396647767.929542,polkadot
2022-11-25,5.388974510527179,204620001.16541916,6333228095.393261,polkadot
2022-11-26,5.2749698281683015,153951955.45882332,6198914851.987527,polkadot
2022-11-27,5.302373502924272,156187905.47392622,6228037334.711208,polkadot
2022-11-28,5.303442076324324,130401784.35975881,6241962286.791979,polkadot
2022-11-29,5.133673027053566,216249541.85636505,6033193288.246444,polkadot
2022-11-30,5.3128897441199125,189434131.77291316,6246844054.861227,polkadot
2022-12-01,5.477993642012171,208688881.1775829,6452545832.803522,polkadot
2022-12-02,5.400486331935812,170156526.9358665,6348286057.274435,polkadot
2022-12-03,5.648105069152116,272015565.00928223,6629238961.077899,polkadot
2022-12-04,5.504915282161034,202182789.64498514,6487702630.751659,polkadot
2022-12-05,5.606038163070065,121770683.53406751,6594644265.094774,polkadot
2022-12-06,5.492117706618971,151358305.2837018,6475634330.892691,polkadot
2022-12-07,5.5045821564371105,121211429.78312105,6483610549.768277,polkadot
2022-12-08,5.303335268684337,188037304.45463148,6257950190.524466,polkadot
2022-12-09,5.431800866906172,161041105.39451358,6408974488.68709,polkadot
2022-12-10,5.303058391670169,131449171.82848728,6259197967.658567,polkadot
2022-12-11,5.272172576811368,86014999.73841877,6220075302.7999935,polkadot
2022-12-12,5.168804864247797,108949492.5630753,6100067426.108336,polkadot
2022-12-13,5.167370021273998,161861179.00586328,6104088871.110464,polkadot
2022-12-14,5.2801352669731205,206252780.21096718,6243076183.817809,polkadot
2022-12-15,5.218581541207982,244712787.11427885,6168725589.664655,polkadot
2022-12-16,5.214874394109295,208210052.3480659,6177909728.993104,polkadot
2022-12-17,4.646731144817608,275779636.79321325,5474079704.445132,polkadot
2022-12-18,4.71580176307932,221174551.06017926,5579152130.505003,polkadot
2022-12-19,4.663401667527673,98713106.32340653,5532952269.818865,polkadot
2022-12-20,4.473339974294161,161782937.52207825,5301793527.306867,polkadot
2022-12-21,4.614603851775438,130494169.19677942,5461966902.033066,polkadot
2022-12-22,4.480008406321904,117104381.78747611,5298824496.402215,polkadot
2022-12-23,4.529000633953305,124180162.84817378,5345186586.575271,polkadot
2022-12-24,4.4736616615315254,111770045.98798555,5298524422.118842,polkadot
2022-12-25,4.454023086822344,43500721.6204672,5277812531.088768,polkadot
2022-12-26,4.493642987510963,81185178.21587074,5324806627.552072,polkadot
2022-12-27,4.5703173714711,100119861.00260232,5415095156.281545,polkadot
2022-12-28,4.47836670199237,118374595.34020732,5306983821.991009,polkadot
2022-12-29,4.280846399530962,178846918.98344705,5078940183.834696,polkadot
2022-12-30,4.307811349232355,106214112.0526113,5114437299.478905,polkadot
2022-12-31,4.324198967346808,99019186.51600516,5133550358.879966,polkadot
2023-01-01,4.3133241665592,81868230.06299889,5124272924.061023,polkadot
2023-01-02,4.370398234173801,83080057.51345398,5189797451.493689,polkadot
2023-01-03,4.488836626124295,118418546.00088559,5333559989.932448,polkadot
2023-01-04,4.527619435836773,98616165.59990907,5374172553.766793,polkadot
2023-01-05,4.632589621042435,128601420.39664847,5501400960.100924,polkadot
2023-01-06,4.618387481116268,110202869.37893058,5486559228.853257,polkadot
2023-01-07,4.6874963649585375,120116807.84029973,5575400373.862744,polkadot
2023-01-08,4.667867731193827,75278982.0966008,5544971196.399066,polkadot
2023-01-09,4.78165995093069,118428756.66407454,5678600122.934231,polkadot
2023-01-10,4.889549960346178,258706966.0211436,5822967240.545416,polkadot
2023-01-11,4.9156673678489025,142944072.97941983,5844614796.573698,polkadot
2023-01-12,5.133530065782115,176549390.7267576,6104959456.841534,polkadot
2023-01-13,5.227868294639788,246272551.56941697,6225980707.135592,polkadot
2023-01-14,5.404097385583974,228790043.3560822,6418896549.379607,polkadot
2023-01-15,6.028214515143082,782687495.7213826,7185441825.556078,polkadot
2023-01-16,5.934370777642712,343689205.9871965,7048844533.072695,polkadot
2023-01-17,5.810048234064627,366947917.8205463,6914982508.280345,polkadot
2023-01-18,5.963397654520307,396046272.97196877,7098249474.233347,polkadot
2023-01-19,5.655251045120312,441232057.6899503,6726902475.495878,polkadot
2023-01-20,5.801379267235778,187140445.4390963,6924736793.838175,polkadot
2023-01-21,6.254683210538306,260476431.48039794,7461520990.843851,polkadot
2023-01-22,6.246217001006929,355405212.3929102,7452411001.806236,polkadot
2023-01-23,6.212167847018589,249458571.46704164,7418382148.705477,polkadot
2023-01-24,6.589296753282481,434790321.16012686,7863091567.413891,polkadot
2023-01-25,6.186292457598319,305760411.89162666,7395228277.021116,polkadot
2023-01-26,6.421232137004184,359305707.4725925,7659051015.469998,polkadot
2023-01-27,6.468366037302892,326216001.75108075,7747735674.283517,polkadot
2023-01-28,6.569930587254382,265474456.73399788,7856739950.604887,polkadot
2023-01-29,6.389057965845566,208329337.7263006,7640327631.38938,polkadot
2023-01-30,6.621092132215346,254655935.21533224,7922259197.054451,polkadot
2023-01-31,6.195536094713961,275635411.8871149,7410872880.314612,polkadot
2023-02-01,6.269667976200108,217928928.73929405,7502144503.192972,polkadot
2023-02-02,6.470865445518001,297339779.98897237,7749019076.1355095,polkadot
2023-02-03,6.555954157754909,417508226.7340164,7861116315.319404,polkadot
2023-02-04,7.012688935124944,490617061.78249687,8414262771.289161,polkadot
2023-02-05,6.896031693361286,238800804.9298765,8273869515.110414,polkadot
2023-02-06,6.641842495719097,270982774.7282343,7973598038.54855,polkadot
2023-02-07,6.4972667003750315,245142517.19205156,7779070314.796459,polkadot
2023-02-08,6.948134566018175,295243777.23315567,8333990416.91506,polkadot
2023-02-09,6.756755185938241,247375557.407144,8110178949.590388,polkadot
2023-02-10,6.229762039218076,529810448.85853124,7477194018.495944,polkadot
2023-02-11,6.188909530502617,301637805.19501954,7442362927.451278,polkadot
2023-02-12,6.28372226448598,143068442.52349454,7543346315.064424,polkadot
2023-02-13,6.164062517934927,178158552.53923786,7416773395.914189,polkadot
2023-02-14,6.118583929495318,335928393.66483676,7352408834.2737,polkadot
2023-02-15,6.234367785778781,278124947.47988665,7496941327.303583,polkadot
2023-02-16,6.609392900657438,335324467.09394306,7945712271.908503,polkadot
2023-02-17,6.388632355427524,401487886.9816844,7658563981.686901,polkadot
2023-02-18,7.2970504216845145,816508568.9527842,8780715046.827116,polkadot
2023-02-19,7.247649982690182,471016202.0785851,8724929154.706154,polkadot
2023-02-20,7.439395788318963,790399403.6852473,8991538134.236885,polkadot
2023-02-21,7.527218326014244,517830090.897999,9059900211.471052,polkadot
2023-02-22,7.250333872381433,424382923.07921475,8725074263.862608,polkadot
2023-02-23,7.170302237747458,445050807.2896644,8656728943.641329,polkadot
2023-02-24,7.091543344834797,375652835.7517494,8528870605.745284,polkadot
2023-02-25,6.614184848454191,406675008.98326564,7975206269.458946,polkadot
2023-02-26,6.5384156833392195,273278804.46663,7879063917.589614,polkadot
2023-02-27,6.684255284896303,259252796.1740206,8070006130.15561,polkadot
2023-02-28,6.582575515067073,288525491.12878805,7952520453.615793,polkadot
2023-03-01,6.347643028754492,265521916.8877683,7652424036.270056,polkadot
2023-03-02,6.530439779534664,275326716.41447943,7881933855.700314,polkadot
2023-03-03,6.323204212096074,237639733.7391961,7639140586.219113,polkadot
2023-03-04,6.0347112561933,307950873.03640676,7290395652.243021,polkadot
2023-03-05,5.91210980350204,187234194.30865684,7141278386.960345,polkadot
2023-03-06,5.98959953972546,180881874.03344986,7221755522.737399,polkadot
2023-03-07,5.923359550446518,198293306.59054276,7154139434.735579,polkadot
2023-03-08,5.860554127495924,256896325.0438712,7065034655.987277,polkadot
2023-03-09,5.604205079811912,325705157.038676,6783974361.35875,polkadot
2023-03-10,5.383804642221565,322122608.31763804,6492221339.424328,polkadot
2023-03-11,5.5578657025686855,398823095.5557338,6741885994.95932,polkadot
2023-03-12,5.473940982394556,319352907.62515956,6608022342.119235,polkadot
2023-03-13,5.909985122578976,293974688.8693106,7123017236.499321,polkadot
2023-03-14,6.104099641771777,430322351.51094365,7401937660.952844,polkadot
2023-03-15,6.240865839469254,426347359.0654485,7571159433.171571,polkadot
2023-03-16,5.893214375142593,396831002.7460806,7141510095.537369,polkadot
2023-03-17,6.130406324099899,270083592.87212455,7439207053.003964,polkadot
2023-03-18,6.643520440698393,349175461.31906897,8021960013.1672,polkadot
2023-03-19,6.350843430090958,325589655.7783797,7700962300.739078,polkadot
2023-03-20,6.5085918788150305,263101166.38878074,7931605244.124213,polkadot
2023-03-21,6.120146333135944,272209445.39314884,7450586725.902299,polkadot
2023-03-22,6.406769717611565,224997518.4386857,7772318411.3758,polkadot
2023-03-23,6.094201907849631,292943935.7844627,7396098382.400391,polkadot
2023-03-24,6.35149262466354,183653212.18641487,7703989762.115649,polkadot
2023-03-25,6.024252570252626,208117030.97280684,7365301138.477666,polkadot
2023-03-26,5.943918980953513,141765532.24290985,7220374796.394252,polkadot
2023-03-27,6.053543695643394,132449722.86287573,7387058765.428269,polkadot
2023-03-28,5.882847918709621,165318894.15237087,7146342407.622332,polkadot
2023-03-29,6.069816786939525,153874807.953227,7383642654.515058,polkadot
2023-03-30,6.186884363391786,187654032.13473487,7522732303.452091,polkadot
2023-03-31,6.121940922776154,197809653.58875155,7444748644.317304,polkadot
2023-04-01,6.34493912593144,220876667.556675,7727847982.814717,polkadot
2023-04-02,6.349662387121178,150087142.66423145,7731363330.22935,polkadot
2023-04-03,6.274330928159255,165981691.06121218,7641386574.804739,polkadot
2023-04-04,6.425824846847764,250934390.80967146,7823458413.487148,polkadot
2023-04-05,6.439691555375001,228779710.01745048,7843403288.734628,polkadot
2023-04-06,6.405267252867749,191646245.2648846,7817274516.518067,polkadot
2023-04-07,6.2784657981328325,165932757.86882693,7657366272.615343,polkadot
2023-04-08,6.186862010838575,162303820.72659385,7546011941.215961,polkadot
2023-04-09,6.136313633781984,131916467.42051286,7493348826.317786,polkadot
2023-04-10,6.213778028185303,145695437.94792384,7585959979.016828,polkadot
2023-04-11,6.287959670258352,157115505.87741607,7678397456.557879,polkadot
2023-04-12,6.4272948218909915,212206406.7214694,7847129342.169121,polkadot
2023-04-13,6.409277933045699,222772320.5773293,7830662352.098901,polkadot
2023-04-14,6.644896071307531,204632452.95533252,8125660233.428235,polkadot
2023-04-15,6.732115902799675,283263717.3895486,8229505281.449617,polkadot
2023-04-16,6.805546473891654,191633213.10291263,8328054056.264707,polkadot
2023-04-17,6.825625935281183,191364307.99952257,8337320667.595355,polkadot
2023-04-18,6.700156578231956,223489561.91374186,8182296977.24243,polkadot
2023-04-19,6.919362495628588,241327263.9727992,8468999208.60514,polkadot
2023-04-20,6.310468184195398,304362268.38184124,7726090601.68143,polkadot
2023-04-21,6.107436674863342,246649681.5235294,7472350670.195494,polkadot
2023-04-22,5.8521280714835315,216476239.6364232,7155855076.124115,polkadot
2023-04-23,5.958744308975133,117290788.70863463,7292666127.714577,polkadot
2023-04-24,5.924092657714076,130092033.82752354,7243220355.575814,polkadot
2023-04-25,5.8888545404152515,154360733.29922673,7210898432.939273,polkadot
2023-04-26,6.00976692426028,147991878.34889048,7355188923.128216,polkadot
2023-04-27,5.846075305894113,264915327.13300398,7161641711.498215,polkadot
2023-04-28,5.974928589737345,186747228.4344532,7320486092.572454,polkadot
2023-04-29,5.947740109660597,155980353.2516568,7298739318.779796,polkadot
2023-04-30,6.033944475776628,119565163.53531247,7407756843.436067,polkadot
2023-05-01,5.91333765042854,126929660.51719077,7260991514.521792,polkadot
2023-05-02,5.671799480017039,144500093.6719824,6962447943.899826,polkadot
2023-05-03,5.717933563019812,106941680.34107219,7022173071.442521,polkadot
2023-05-04,5.775235483490289,131755396.32880166,7095348281.829583,polkadot
2023-05-05,5.668620138161426,101013051.50719701,6967803848.607421,polkadot
2023-05-06,5.849452455018853,156382785.9796453,7192813780.916603,polkadot
2023-05-07,5.650476502115529,133385483.12114167,6942712515.551953,polkadot
2023-05-08,5.6552902336622495,96756910.32273306,6946473944.085941,polkadot
2023-05-09,5.374661234608271,209588586.96745554,6612416991.922427,polkadot
2023-05-10,5.322866940026135,128633537.14862952,6555237355.919554,polkadot
2023-05-11,5.475541723442838,183961207.17227077,6740923466.277253,polkadot
2023-05-12,5.285886732051951,143209793.60961038,6508587547.621296,polkadot
2023-05-13,5.349323505539287,131408404.88970979,6592082194.022329,polkadot
2023-05-14,5.351771904989988,82899032.60315505,6613225094.531797,polkadot
2023-05-15,5.349944390367364,79532459.04158828,6595093847.583115,polkadot
2023-05-16,5.327653880602301,109157885.16754459,6572863586.501249,polkadot
2023-05-17,5.299035374860455,98890906.85055073,6540611307.189871,polkadot
2023-05-18,5.412062344107352,114012097.76915546,6674879022.545034,polkadot
2023-05-19,5.339732913052098,114165285.2461804,6597019426.461229,polkadot
2023-05-20,5.369633421158922,99454893.8319307,6631963805.393506,polkadot
2023-05-21,5.407594582591559,82384849.31141508,6674722770.974614,polkadot
2023-05-22,5.2713239589815855,81457305.93183246,6514543949.599768,polkadot
2023-05-23,5.314597594323604,91546069.68166544,6564967224.117241,polkadot
2023-05-24,5.4024239777216785,94056469.49754092,6672798619.091968,polkadot
2023-05-25,5.262264617797762,105394189.1213902,6511227845.906241,polkadot
2023-05-26,5.239990678729722,109024202.25390644,6475200642.768937,polkadot
2023-05-27,5.247617628899264,96931071.17412083,6486691821.632737,polkadot
2023-05-28,5.334881191030133,90138422.141345,6596527657.495327,polkadot
2023-05-29,5.512334404806833,98777965.30271122,6835221562.86246,polkadot
2023-05-30,5.458985852478608,99648448.09749193,6755550918.582554,polkadot
2023-05-31,5.443350563918375,106801123.36949877,6740284018.000778,polkadot
2023-06-01,5.319849513047748,115447803.0185303,6584630091.523257,polkadot
2023-06-02,5.210806478409606,110045206.21305749,6452671672.05532,polkadot
2023-06-03,5.278572412578042,121990756.46299705,6541182868.270858,polkadot
2023-06-04,5.327164683495162,72117305.84594712,6592545948.955,polkadot
2023-06-05,5.326717147827145,91948906.34262203,6599459524.420096,polkadot
2023-06-06,5.078026527334755,185982277.04800695,6301773078.416282,polkadot
2023-06-07,5.206113774792793,128394216.6088764,6453259978.017477,polkadot
2023-06-08,5.021328593625374,122563303.89358509,6229266860.507048,polkadot
2023-06-09,5.024888580781012,103608897.38191883,6237398804.988878,polkadot
2023-06-10,4.977210988108317,94189595.36406255,6170314775.654283,polkadot
2023-06-11,4.525840001355898,321352964.9069129,5621858588.221082,polkadot
2023-06-12,4.518929865540423,117996197.1543621,5605160890.324238,polkadot
2023-06-13,4.532556755374545,118502108.14526387,5629603118.429002,polkadot
2023-06-14,4.616261798896556,117193241.41057375,5733442994.647317,polkadot
2023-06-15,4.569755384058333,135280084.4763831,5676495318.038254,polkadot
2023-06-16,4.369108735944236,202589996.85418543,5429227760.935317,polkadot
2023-06-17,4.416137727630147,115437269.51576252,5492960793.288925,polkadot
2023-06-18,4.52024849730849,96558381.40212828,5624221980.781707,polkadot
2023-06-19,4.526425849471979,98854001.78337964,5635105538.564865,polkadot
